
0	40	0	40
0.4	40	0.4	39.902
0.8	40	0.79902	39.804
1.2	40	1.19706	39.706
1.6	40	1.59412	39.608
2	40	1.9902	39.51
2.4	40	2.3853	39.412
2.8	40	2.77942	39.314
3.2	40	3.17256	39.216
3.6	40	3.56472	39.118
4	40	3.9559	39.02
4.4	40	4.3461	38.922
4.8	40	4.73532	38.824
5.2	40	5.12356	38.726
5.6	40	5.51082	38.628
6	40	5.8971	38.53
6.4	40	6.2824	38.432
6.8	40	6.66672	38.334
7.2	40	7.05006	38.236
7.6	40	7.43242	38.138
8	40	7.8138	38.04
8.4	40	8.1942	37.942
8.8	40	8.57362	37.844
9.2	40	8.95206	37.746
9.6	40	9.32952	37.648
10	40	9.706	37.55
10.4	40	10.0815	37.452
10.8	40	10.456	37.354
11.2	40	10.8296	37.256
11.6	40	11.2021	37.158
12	40	11.5737	37.06
12.4	40	11.9443	36.962
12.8	40	12.3139	36.864
13.2	40	12.6826	36.766
13.6	40	13.0502	36.668
14	40	13.4169	36.57
14.4	40	13.7826	36.472
14.8	40	14.1473	36.374
15.2	40	14.5111	36.276
15.6	40	14.8738	36.178
16	40	15.2356	36.08
16.4	40	15.5964	35.982
16.8	40	15.9562	35.884
17.2	40	16.3151	35.786
17.6	40	16.6729	35.688
18	40	17.0298	35.59
18.4	40	17.3857	35.492
18.8	40	17.7406	35.394
19.2	40	18.0946	35.296
19.6	40	18.4475	35.198
20	40	18.7995	35.1
20.4	40	19.1505	35.002
20.8	40	19.5005	34.904
21.2	40	19.8496	34.806
21.6	40	20.1976	34.708
22	40	20.5447	34.61
22.4	40	20.8908	34.512
22.8	40	21.2359	34.414
23.2	40	21.5801	34.316
23.6	40	21.9232	34.218
24	40	22.2654	34.12
24.4	40	22.6066	34.022
24.8	40	22.9468	33.924
25.2	40	23.2861	33.826
25.6	40	23.6243	33.728
26	40	23.9616	33.63
26.4	40	24.2979	33.532
26.8	40	24.6332	33.434
27.2	40	24.9676	33.336
27.6	40	25.3009	33.238
28	40	25.6333	33.14
28.4	40	25.9647	33.042
28.8	40	26.2951	32.944
29.2	40	26.6246	32.846
29.6	40	26.953	32.748
30	40	27.2805	32.65
30.4	40	27.607	32.552
30.8	40	27.9325	32.454
31.2	40	28.2571	32.356
31.6	40	28.5806	32.258
32	40	28.9032	32.16
32.4	40	29.2248	32.062
32.8	40	29.5454	31.964
33.2	40	29.8651	31.866
33.6	40	30.1837	31.768
34	40	30.5014	31.67
34.4	40	30.8181	31.572
34.8	40	31.1338	31.474
35.2	40	31.4486	31.376
35.6	40	31.7623	31.278
36	40	32.0751	31.18
36.4	40	32.3869	31.082
36.8	40	32.6977	30.984
37.2	40	33.0076	30.886
37.6	40	33.3164	30.788
38	40	33.6243	30.69
38.4	40	33.9312	30.592
38.8	40	34.2371	30.494
39.2	40	34.5421	30.396
39.6	40	34.846	30.298
40	40	35.149	30.2
40.4	40	35.451	30.102
40.8	40	35.752	30.004
41.2	40	36.0521	29.906
41.6	40	36.3511	29.808
42	40	36.6492	29.71
42.4	40	36.9463	29.612
42.8	40	37.2424	29.514
43.2	40	37.5376	29.416
43.6	40	37.8317	29.318
44	40	38.1249	29.22
44.4	40	38.4171	29.122
44.8	40	38.7083	29.024
45.2	40	38.9986	28.926
45.6	40	39.2878	28.828
46	40	39.5761	28.73
46.4	40	39.8634	28.632
46.8	40	40.1497	28.534
47.2	40	40.4351	28.436
47.6	40	40.7194	28.338
48	40	41.0028	28.24
48.4	40	41.2852	28.142
48.8	40	41.5666	28.044
49.2	40	41.8471	27.946
49.6	40	42.1265	27.848
50	40	42.405	27.75
50.4	40	42.6825	27.652
50.8	40	42.959	27.554
51.2	40	43.2346	27.456
51.6	40	43.5091	27.358
52	40	43.7827	27.26
52.4	40	44.0553	27.162
52.8	40	44.3269	27.064
53.2	40	44.5976	26.966
53.6	40	44.8672	26.868
54	40	45.1359	26.77
54.4	40	45.4036	26.672
54.8	40	45.6703	26.574
55.2	40	45.9361	26.476
55.6	40	46.2008	26.378
56	40	46.4646	26.28
56.4	40	46.7274	26.182
56.8	40	46.9892	26.084
57.2	40	47.2501	25.986
57.6	40	47.5099	25.888
58	40	47.7688	25.79
58.4	40	48.0267	25.692
58.8	40	48.2836	25.594
59.2	40	48.5396	25.496
59.6	40	48.7945	25.398
60	40	49.0485	25.3
60.4	40	49.3015	25.202
60.8	40	49.5535	25.104
61.2	40	49.8046	25.006
61.6	40	50.0546	24.908
62	40	50.3037	24.81
62.4	40	50.5518	24.712
62.8	40	50.7989	24.614
63.2	40	51.0451	24.516
63.6	40	51.2902	24.418
64	40	51.5344	24.32
64.4	40	51.7776	24.222
64.8	40	52.0198	24.124
65.2	40	52.2611	24.026
65.6	40	52.5013	23.928
66	40	52.7406	23.83
66.4	40	52.9789	23.732
66.8	40	53.2162	23.634
67.2	40	53.4526	23.536
67.6	40	53.6879	23.438
68	40	53.9223	23.34
68.4	40	54.1557	23.242
68.8	40	54.3881	23.144
69.2	40	54.6196	23.046
69.6	40	54.85	22.948
70	40	55.0795	22.85
70.4	40	55.308	22.752
70.8	40	55.5355	22.654
71.2	40	55.7621	22.556
71.6	40	55.9876	22.458
72	40	56.2122	22.36
72.4	40	56.4358	22.262
72.8	40	56.6584	22.164
73.2	40	56.8801	22.066
73.6	40	57.1007	21.968
74	40	57.3204	21.87
74.4	40	57.5391	21.772
74.8	40	57.7568	21.674
75.2	40	57.9736	21.576
75.6	40	58.1893	21.478
76	40	58.4041	21.38
76.4	40	58.6179	21.282
76.8	40	58.8307	21.184
77.2	40	59.0426	21.086
77.6	40	59.2534	20.988
78	40	59.4633	20.89
78.4	40	59.6722	20.792
78.8	40	59.8801	20.694
79.2	40	60.0871	20.596
79.6	40	60.293	20.498
80	40	60.498	20.4
80.4	40	60.702	20.302
80.8	40	60.905	20.204
81.2	40	61.1071	20.106
81.6	40	61.3081	20.008
82	40	61.5082	19.91
82.4	40	61.7073	19.812
82.8	40	61.9054	19.714
83.2	40	62.1026	19.616
83.6	40	62.2987	19.518
84	40	62.4939	19.42
84.4	40	62.6881	19.322
84.8	40	62.8813	19.224
85.2	40	63.0736	19.126
85.6	40	63.2648	19.028
86	40	63.4551	18.93
86.4	40	63.6444	18.832
86.8	40	63.8327	18.734
87.2	40	64.0201	18.636
87.6	40	64.2064	18.538
88	40	64.3918	18.44
88.4	40	64.5762	18.342
88.8	40	64.7596	18.244
89.2	40	64.9421	18.146
89.6	40	65.1235	18.048
90	40	65.304	17.95
90.4	40	65.4835	17.852
90.8	40	65.662	17.754
91.2	40	65.8396	17.656
91.6	40	66.0161	17.558
92	40	66.1917	17.46
92.4	40	66.3663	17.362
92.8	40	66.5399	17.264
93.2	40	66.7126	17.166
93.6	40	66.8842	17.068
94	40	67.0549	16.97
94.4	40	67.2246	16.872
94.8	40	67.3933	16.774
95.2	40	67.5611	16.676
95.6	40	67.7278	16.578
96	40	67.8936	16.48
96.4	40	68.0584	16.382
96.8	40	68.2222	16.284
97.2	40	68.3851	16.186
97.6	40	68.5469	16.088
98	40	68.7078	15.99
98.4	40	68.8677	15.892
98.8	40	69.0266	15.794
99.2	40	69.1846	15.696
99.6	40	69.3415	15.598
100	40	69.4975	15.5
100.4	40	69.6525	15.402
100.8	40	69.8065	15.304
101.2	40	69.9596	15.206
101.6	40	70.1116	15.108
102	40	70.2627	15.01
102.4	40	70.4128	14.912
102.8	40	70.5619	14.814
103.2	40	70.7101	14.716
103.6	40	70.8572	14.618
104	40	71.0034	14.52
104.4	40	71.1486	14.422
104.8	40	71.2928	14.324
105.2	40	71.4361	14.226
105.6	40	71.5783	14.128
106	40	71.7196	14.03
106.4	40	71.8599	13.932
106.8	40	71.9992	13.834
107.2	40	72.1376	13.736
107.6	40	72.2749	13.638
108	40	72.4113	13.54
108.4	40	72.5467	13.442
108.8	40	72.6811	13.344
109.2	40	72.8146	13.246
109.6	40	72.947	13.148
110	40	73.0785	13.05
110.4	40	73.209	12.952
110.8	40	73.3385	12.854
111.2	40	73.4671	12.756
111.6	40	73.5946	12.658
112	40	73.7212	12.56
112.4	40	73.8468	12.462
112.8	40	73.9714	12.364
113.2	40	74.0951	12.266
113.6	40	74.2177	12.168
114	40	74.3394	12.07
114.4	40	74.4601	11.972
114.8	40	74.5798	11.874
115.2	40	74.6986	11.776
115.6	40	74.8163	11.678
116	40	74.9331	11.58
116.4	40	75.0489	11.482
116.8	40	75.1637	11.384
117.2	40	75.2776	11.286
117.6	40	75.3904	11.188
118	40	75.5023	11.09
118.4	40	75.6132	10.992
118.8	40	75.7231	10.894
119.2	40	75.8321	10.796
119.6	40	75.94	10.698
120	40	76.047	10.6
120.4	40	76.153	10.502
120.8	40	76.258	10.404
121.2	40	76.3621	10.306
121.6	40	76.4651	10.208
122	40	76.5672	10.11
122.4	40	76.6683	10.012
122.8	40	76.7684	9.914
123.2	40	76.8676	9.816
123.6	40	76.9657	9.718
124	40	77.0629	9.62
124.4	40	77.1591	9.522
124.8	40	77.2543	9.424
125.2	40	77.3486	9.326
125.6	40	77.4418	9.228
126	40	77.5341	9.13
126.4	40	77.6254	9.032
126.8	40	77.7157	8.934
127.2	40	77.8051	8.836
127.6	40	77.8934	8.738
128	40	77.9808	8.64
128.4	40	78.0672	8.542
128.8	40	78.1526	8.444
129.2	40	78.2371	8.346
129.6	40	78.3205	8.248
130	40	78.403	8.15
130.4	40	78.4845	8.052
130.8	40	78.565	7.954
131.2	40	78.6446	7.856
131.6	40	78.7231	7.758
132	40	78.8007	7.66
132.4	40	78.8773	7.562
132.8	40	78.9529	7.464
133.2	40	79.0276	7.366
133.6	40	79.1012	7.268
134	40	79.1739	7.17
134.4	40	79.2456	7.072
134.8	40	79.3163	6.974
135.2	40	79.3861	6.876
135.6	40	79.4548	6.778
136	40	79.5226	6.68
136.4	40	79.5894	6.582
136.8	40	79.6552	6.484
137.2	40	79.7201	6.386
137.6	40	79.7839	6.288
138	40	79.8468	6.19
138.4	40	79.9087	6.092
138.8	40	79.9696	5.994
139.2	40	80.0296	5.896
139.6	40	80.0885	5.798
140	40	80.1465	5.7
140.4	40	80.2035	5.602
140.8	40	80.2595	5.504
141.2	40	80.3146	5.406
141.6	40	80.3686	5.308
142	40	80.4217	5.21
142.4	40	80.4738	5.112
142.8	40	80.5249	5.014
143.2	40	80.5751	4.916
143.6	40	80.6242	4.818
144	40	80.6724	4.72
144.4	40	80.7196	4.622
144.8	40	80.7658	4.524
145.2	40	80.8111	4.426
145.6	40	80.8553	4.328
146	40	80.8986	4.23
146.4	40	80.9409	4.132
146.8	40	80.9822	4.034
147.2	40	81.0226	3.936
147.6	40	81.0619	3.838
148	40	81.1003	3.74
148.4	40	81.1377	3.642
148.8	40	81.1741	3.544
149.2	40	81.2096	3.446
149.6	40	81.244	3.348
150	40	81.2775	3.25
150.4	40	81.31	3.152
150.8	40	81.3415	3.054
151.2	40	81.3721	2.956
151.6	40	81.4016	2.858
152	40	81.4302	2.76
152.4	40	81.4578	2.662
152.8	40	81.4844	2.564
153.2	40	81.5101	2.466
153.6	40	81.5347	2.368
154	40	81.5584	2.27
154.4	40	81.5811	2.172
154.8	40	81.6028	2.074
155.2	40	81.6236	1.976
155.6	40	81.6433	1.878
156	40	81.6621	1.78
156.4	40	81.6799	1.682
156.8	40	81.6967	1.584
157.2	40	81.7126	1.486
157.6	40	81.7274	1.388
158	40	81.7413	1.29
158.4	40	81.7542	1.192
158.8	40	81.7661	1.094
159.2	40	81.7771	0.996
159.6	40	81.787	0.898
160	40	81.796	0.8
160.4	40	81.804	0.702
160.8	40	81.811	0.604
161.2	40	81.8171	0.506
161.6	40	81.8221	0.408
162	40	81.8262	0.31
162.4	40	81.8293	0.212
162.8	40	81.8314	0.114
163.2	40	81.8326	0.016
163.6	40	81.8327	-0.082
164	40	81.8319	-0.18
164.4	40	81.8301	-0.278
164.8	40	81.8273	-0.376
165.2	40	81.8236	-0.474
165.6	40	81.8188	-0.572
166	40	81.8131	-0.67
166.4	40	81.8064	-0.768
166.8	40	81.7987	-0.866
167.2	40	81.7901	-0.964
167.6	40	81.7804	-1.062
168	40	81.7698	-1.16
168.4	40	81.7582	-1.258
168.8	40	81.7456	-1.356
169.2	40	81.7321	-1.454
169.6	40	81.7175	-1.552
170	40	81.702	-1.65
170.4	40	81.6855	-1.748
170.8	40	81.668	-1.846
171.2	40	81.6496	-1.944
171.6	40	81.6301	-2.042
172	40	81.6097	-2.14
172.4	40	81.5883	-2.238
172.8	40	81.5659	-2.336
173.2	40	81.5426	-2.434
173.6	40	81.5182	-2.532
174	40	81.4929	-2.63
174.4	40	81.4666	-2.728
174.8	40	81.4393	-2.826
175.2	40	81.4111	-2.924
175.6	40	81.3818	-3.022
176	40	81.3516	-3.12
176.4	40	81.3204	-3.218
176.8	40	81.2882	-3.316
177.2	40	81.2551	-3.414
177.6	40	81.2209	-3.512
178	40	81.1858	-3.61
178.4	40	81.1497	-3.708
178.8	40	81.1126	-3.806
179.2	40	81.0746	-3.904
179.6	40	81.0355	-4.002
180	40	80.9955	-4.1
180.4	40	80.9545	-4.198
180.8	40	80.9125	-4.296
181.2	40	80.8696	-4.394
181.6	40	80.8256	-4.492
182	40	80.7807	-4.59
182.4	40	80.7348	-4.688
182.8	40	80.6879	-4.786
183.2	40	80.6401	-4.884
183.6	40	80.5912	-4.982
184	40	80.5414	-5.08
184.4	40	80.4906	-5.178
184.8	40	80.4388	-5.276
185.2	40	80.3861	-5.374
185.6	40	80.3323	-5.472
186	40	80.2776	-5.57
186.4	40	80.2219	-5.668
186.8	40	80.1652	-5.766
187.2	40	80.1076	-5.864
187.6	40	80.0489	-5.962
188	40	79.9893	-6.06
188.4	40	79.9287	-6.158
188.8	40	79.8671	-6.256
189.2	40	79.8046	-6.354
189.6	40	79.741	-6.452
190	40	79.6765	-6.55
190.4	40	79.611	-6.648
190.8	40	79.5445	-6.746
191.2	40	79.4771	-6.844
191.6	40	79.4086	-6.942
192	40	79.3392	-7.04
192.4	40	79.2688	-7.138
192.8	40	79.1974	-7.236
193.2	40	79.1251	-7.334
193.6	40	79.0517	-7.432
194	40	78.9774	-7.53
194.4	40	78.9021	-7.628
194.8	40	78.8258	-7.726
195.2	40	78.7486	-7.824
195.6	40	78.6703	-7.922
196	40	78.5911	-8.02
196.4	40	78.5109	-8.118
196.8	40	78.4297	-8.216
197.2	40	78.3476	-8.314
197.6	40	78.2644	-8.412
198	40	78.1803	-8.51
198.4	40	78.0952	-8.608
198.8	40	78.0091	-8.706
199.2	40	77.9221	-8.804
199.6	40	77.834	-8.902
200	40	77.745	-9
200.4	40	77.655	-9.098
200.8	40	77.564	-9.196
201.2	40	77.4721	-9.294
201.6	40	77.3791	-9.392
202	40	77.2852	-9.49
202.4	40	77.1903	-9.588
202.8	40	77.0944	-9.686
203.2	40	76.9976	-9.784
203.6	40	76.8997	-9.882
204	40	76.8009	-9.98
204.4	40	76.7011	-10.078
204.8	40	76.6003	-10.176
205.2	40	76.4986	-10.274
205.6	40	76.3958	-10.372
206	40	76.2921	-10.47
206.4	40	76.1874	-10.568
206.8	40	76.0817	-10.666
207.2	40	75.9751	-10.764
207.6	40	75.8674	-10.862
208	40	75.7588	-10.96
208.4	40	75.6492	-11.058
208.8	40	75.5386	-11.156
209.2	40	75.4271	-11.254
209.6	40	75.3145	-11.352
210	40	75.201	-11.45
210.4	40	75.0865	-11.548
210.8	40	74.971	-11.646
211.2	40	74.8546	-11.744
211.6	40	74.7371	-11.842
212	40	74.6187	-11.94
212.4	40	74.4993	-12.038
212.8	40	74.3789	-12.136
213.2	40	74.2576	-12.234
213.6	40	74.1352	-12.332
214	40	74.0119	-12.43
214.4	40	73.8876	-12.528
214.8	40	73.7623	-12.626
215.2	40	73.6361	-12.724
215.6	40	73.5088	-12.822
216	40	73.3806	-12.92
216.4	40	73.2514	-13.018
216.8	40	73.1212	-13.116
217.2	40	72.9901	-13.214
217.6	40	72.8579	-13.312
218	40	72.7248	-13.41
218.4	40	72.5907	-13.508
218.8	40	72.4556	-13.606
219.2	40	72.3196	-13.704
219.6	40	72.1825	-13.802
220	40	72.0445	-13.9
220.4	40	71.9055	-13.998
220.8	40	71.7655	-14.096
221.2	40	71.6246	-14.194
221.6	40	71.4826	-14.292
222	40	71.3397	-14.39
222.4	40	71.1958	-14.488
222.8	40	71.0509	-14.586
223.2	40	70.9051	-14.684
223.6	40	70.7582	-14.782
224	40	70.6104	-14.88
224.4	40	70.4616	-14.978
224.8	40	70.3118	-15.076
225.2	40	70.1611	-15.174
225.6	40	70.0093	-15.272
226	40	69.8566	-15.37
226.4	40	69.7029	-15.468
226.8	40	69.5482	-15.566
227.2	40	69.3926	-15.664
227.6	40	69.2359	-15.762
228	40	69.0783	-15.86
228.4	40	68.9197	-15.958
228.8	40	68.7601	-16.056
229.2	40	68.5996	-16.154
229.6	40	68.438	-16.252
230	40	68.2755	-16.35
230.4	40	68.112	-16.448
230.8	40	67.9475	-16.546
231.2	40	67.7821	-16.644
231.6	40	67.6156	-16.742
232	40	67.4482	-16.84
232.4	40	67.2798	-16.938
232.8	40	67.1104	-17.036
233.2	40	66.9401	-17.134
233.6	40	66.7687	-17.232
234	40	66.5964	-17.33
234.4	40	66.4231	-17.428
234.8	40	66.2488	-17.526
235.2	40	66.0736	-17.624
235.6	40	65.8973	-17.722
236	40	65.7201	-17.82
236.4	40	65.5419	-17.918
236.8	40	65.3627	-18.016
237.2	40	65.1826	-18.114
237.6	40	65.0014	-18.212
238	40	64.8193	-18.31
238.4	40	64.6362	-18.408
238.8	40	64.4521	-18.506
239.2	40	64.2671	-18.604
239.6	40	64.081	-18.702
240	40	63.894	-18.8
240.4	40	63.706	-18.898
240.8	40	63.517	-18.996
241.2	40	63.3271	-19.094
241.6	40	63.1361	-19.192
242	40	62.9442	-19.29
242.4	40	62.7513	-19.388
242.8	40	62.5574	-19.486
243.2	40	62.3626	-19.584
243.6	40	62.1667	-19.682
244	40	61.9699	-19.78
244.4	40	61.7721	-19.878
244.8	40	61.5733	-19.976
245.2	40	61.3736	-20.074
245.6	40	61.1728	-20.172
246	40	60.9711	-20.27
246.4	40	60.7684	-20.368
246.8	40	60.5647	-20.466
247.2	40	60.3601	-20.564
247.6	40	60.1544	-20.662
248	40	59.9478	-20.76
248.4	40	59.7402	-20.858
248.8	40	59.5316	-20.956
249.2	40	59.3221	-21.054
249.6	40	59.1115	-21.152
250	40	58.9	-21.25
250.4	40	58.6875	-21.348
250.8	40	58.474	-21.446
251.2	40	58.2596	-21.544
251.6	40	58.0441	-21.642
252	40	57.8277	-21.74
252.4	40	57.6103	-21.838
252.8	40	57.3919	-21.936
253.2	40	57.1726	-22.034
253.6	40	56.9522	-22.132
254	40	56.7309	-22.23
254.4	40	56.5086	-22.328
254.8	40	56.2853	-22.426
255.2	40	56.0611	-22.524
255.6	40	55.8358	-22.622
256	40	55.6096	-22.72
256.4	40	55.3824	-22.818
256.8	40	55.1542	-22.916
257.2	40	54.9251	-23.014
257.6	40	54.6949	-23.112
258	40	54.4638	-23.21
258.4	40	54.2317	-23.308
258.8	40	53.9986	-23.406
259.2	40	53.7646	-23.504
259.6	40	53.5295	-23.602
260	40	53.2935	-23.7
260.4	40	53.0565	-23.798
260.8	40	52.8185	-23.896
261.2	40	52.5796	-23.994
261.6	40	52.3396	-24.092
262	40	52.0987	-24.19
262.4	40	51.8568	-24.288
262.8	40	51.6139	-24.386
263.2	40	51.3701	-24.484
263.6	40	51.1252	-24.582
264	40	50.8794	-24.68
264.4	40	50.6326	-24.778
264.8	40	50.3848	-24.876
265.2	40	50.1361	-24.974
265.6	40	49.8863	-25.072
266	40	49.6356	-25.17
266.4	40	49.3839	-25.268
266.8	40	49.1312	-25.366
267.2	40	48.8776	-25.464
267.6	40	48.6229	-25.562
268	40	48.3673	-25.66
268.4	40	48.1107	-25.758
268.8	40	47.8531	-25.856
269.2	40	47.5946	-25.954
269.6	40	47.335	-26.052
270	40	47.0745	-26.15
270.4	40	46.813	-26.248
270.8	40	46.5505	-26.346
271.2	40	46.2871	-26.444
271.6	40	46.0226	-26.542
272	40	45.7572	-26.64
272.4	40	45.4908	-26.738
272.8	40	45.2234	-26.836
273.2	40	44.9551	-26.934
273.6	40	44.6857	-27.032
274	40	44.4154	-27.13
274.4	40	44.1441	-27.228
274.8	40	43.8718	-27.326
275.2	40	43.5986	-27.424
275.6	40	43.3243	-27.522
276	40	43.0491	-27.62
276.4	40	42.7729	-27.718
276.8	40	42.4957	-27.816
277.2	40	42.2176	-27.914
277.6	40	41.9384	-28.012
278	40	41.6583	-28.11
278.4	40	41.3772	-28.208
278.8	40	41.0951	-28.306
279.2	40	40.8121	-28.404
279.6	40	40.528	-28.502
280	40	40.243	-28.6
280.4	40	39.957	-28.698
280.8	40	39.67	-28.796
281.2	40	39.3821	-28.894
281.6	40	39.0931	-28.992
282	40	38.8032	-29.09
282.4	40	38.5123	-29.188
282.8	40	38.2204	-29.286
283.2	40	37.9276	-29.384
283.6	40	37.6337	-29.482
284	40	37.3389	-29.58
284.4	40	37.0431	-29.678
284.8	40	36.7463	-29.776
285.2	40	36.4486	-29.874
285.6	40	36.1498	-29.972
286	40	35.8501	-30.07
286.4	40	35.5494	-30.168
286.8	40	35.2477	-30.266
287.2	40	34.9451	-30.364
287.6	40	34.6414	-30.462
288	40	34.3368	-30.56
288.4	40	34.0312	-30.658
288.8	40	33.7246	-30.756
289.2	40	33.4171	-30.854
289.6	40	33.1085	-30.952
290	40	32.799	-31.05
290.4	40	32.4885	-31.148
290.8	40	32.177	-31.246
291.2	40	31.8646	-31.344
291.6	40	31.5511	-31.442
292	40	31.2367	-31.54
292.4	40	30.9213	-31.638
292.8	40	30.6049	-31.736
293.2	40	30.2876	-31.834
293.6	40	29.9692	-31.932
294	40	29.6499	-32.03
294.4	40	29.3296	-32.128
294.8	40	29.0083	-32.226
295.2	40	28.6861	-32.324
295.6	40	28.3628	-32.422
296	40	28.0386	-32.52
296.4	40	27.7134	-32.618
296.8	40	27.3872	-32.716
297.2	40	27.0601	-32.814
297.6	40	26.7319	-32.912
298	40	26.4028	-33.01
298.4	40	26.0727	-33.108
298.8	40	25.7416	-33.206
299.2	40	25.4096	-33.304
299.6	40	25.0765	-33.402
300	40	24.7425	-33.5
300.4	40	24.4075	-33.598
300.8	40	24.0715	-33.696
301.2	40	23.7346	-33.794
301.6	40	23.3966	-33.892
302	40	23.0577	-33.99
302.4	40	22.7178	-34.088
302.8	40	22.3769	-34.186
303.2	40	22.0351	-34.284
303.6	40	21.6922	-34.382
304	40	21.3484	-34.48
304.4	40	21.0036	-34.578
304.8	40	20.6578	-34.676
305.2	40	20.3111	-34.774
305.6	40	19.9633	-34.872
306	40	19.6146	-34.97
306.4	40	19.2649	-35.068
306.8	40	18.9142	-35.166
307.2	40	18.5626	-35.264
307.6	40	18.2099	-35.362
308	40	17.8563	-35.46
308.4	40	17.5017	-35.558
308.8	40	17.1461	-35.656
309.2	40	16.7896	-35.754
309.6	40	16.432	-35.852
310	40	16.0735	-35.95
310.4	40	15.714	-36.048
310.8	40	15.3535	-36.146
311.2	40	14.9921	-36.244
311.6	40	14.6296	-36.342
312	40	14.2662	-36.44
312.4	40	13.9018	-36.538
312.8	40	13.5364	-36.636
313.2	40	13.1701	-36.734
313.6	40	12.8027	-36.832
314	40	12.4344	-36.93
314.4	40	12.0651	-37.028
314.8	40	11.6948	-37.126
315.2	40	11.3236	-37.224
315.6	40	10.9513	-37.322
316	40	10.5781	-37.42
316.4	40	10.2039	-37.518
316.8	40	9.82872	-37.616
317.2	40	9.45256	-37.714
317.6	40	9.07542	-37.812
318	40	8.6973	-37.91
318.4	40	8.3182	-38.008
318.8	40	7.93812	-38.106
319.2	40	7.55706	-38.204
319.6	40	7.17502	-38.302
320	40	6.792	-38.4
320.4	40	6.408	-38.498
320.8	40	6.02302	-38.596
321.2	40	5.63706	-38.694
321.6	40	5.25012	-38.792
322	40	4.8622	-38.89
322.4	40	4.4733	-38.988
322.8	40	4.08342	-39.086
323.2	40	3.69256	-39.184
323.6	40	3.30072	-39.282
324	40	2.9079	-39.38
324.4	40	2.5141	-39.478
324.8	40	2.11932	-39.576
325.2	40	1.72356	-39.674
325.6	40	1.32682	-39.772
326	40	0.9291	-39.87
326.4	40	0.5304	-39.968
326.8	40	0.13072	-40.066
327.2	40	0	-40.164
327.6	40	0	-40.262
328	40	0	-40.36
328.4	40	0	-40.458
328.8	40	0	-40.556
329.2	40	0	-40.654
329.6	40	0	-40.752
330	40	0	-40.85
330.4	40	0	-40.948
330.8	40	0	-41.046
331.2	40	0	-41.144
331.6	40	0	-41.242
332	40	0	-41.34
332.4	40	0	-41.438
332.8	40	0	-41.536
333.2	40	0	-41.634
333.6	40	0	-41.732
334	40	0	-41.83
334.4	40	0	-41.928
334.8	40	0	-42.026
335.2	40	0	-42.124
335.6	40	0	-42.222
336	40	0	-42.32
336.4	40	0	-42.418
336.8	40	0	-42.516
337.2	40	0	-42.614
337.6	40	0	-42.712
338	40	0	-42.81
338.4	40	0	-42.908
338.8	40	0	-43.006
339.2	40	0	-43.104
339.6	40	0	-43.202
340	40	0	-43.3
340.4	40	0	-43.398
340.8	40	0	-43.496
341.2	40	0	-43.594
341.6	40	0	-43.692
342	40	0	-43.79
342.4	40	0	-43.888
342.8	40	0	-43.986
343.2	40	0	-44.084
343.6	40	0	-44.182
344	40	0	-44.28
344.4	40	0	-44.378
344.8	40	0	-44.476
345.2	40	0	-44.574
345.6	40	0	-44.672
346	40	0	-44.77
346.4	40	0	-44.868
346.8	40	0	-44.966
347.2	40	0	-45.064
347.6	40	0	-45.162
348	40	0	-45.26
348.4	40	0	-45.358
348.8	40	0	-45.456
349.2	40	0	-45.554
349.6	40	0	-45.652
350	40	0	-45.75
350.4	40	0	-45.848
350.8	40	0	-45.946
351.2	40	0	-46.044
351.6	40	0	-46.142
352	40	0	-46.24
352.4	40	0	-46.338
352.8	40	0	-46.436
353.2	40	0	-46.534
353.6	40	0	-46.632
354	40	0	-46.73
354.4	40	0	-46.828
354.8	40	0	-46.926
355.2	40	0	-47.024
355.6	40	0	-47.122
356	40	0	-47.22
356.4	40	0	-47.318
356.8	40	0	-47.416
357.2	40	0	-47.514
357.6	40	0	-47.612
358	40	0	-47.71
358.4	40	0	-47.808
358.8	40	0	-47.906
359.2	40	0	-48.004
359.6	40	0	-48.102
360	40	0	-48.2
360.4	40	0	-48.298
360.8	40	0	-48.396
361.2	40	0	-48.494
361.6	40	0	-48.592
362	40	0	-48.69
362.4	40	0	-48.788
362.8	40	0	-48.886
363.2	40	0	-48.984
363.6	40	0	-49.082
364	40	0	-49.18
364.4	40	0	-49.278
364.8	40	0	-49.376
365.2	40	0	-49.474
365.6	40	0	-49.572
366	40	0	-49.67
366.4	40	0	-49.768
366.8	40	0	-49.866
367.2	40	0	-49.964
367.6	40	0	-50.062
368	40	0	-50.16
368.4	40	0	-50.258
368.8	40	0	-50.356
369.2	40	0	-50.454
369.6	40	0	-50.552
370	40	0	-50.65
370.4	40	0	-50.748
370.8	40	0	-50.846
371.2	40	0	-50.944
371.6	40	0	-51.042
372	40	0	-51.14
372.4	40	0	-51.238
372.8	40	0	-51.336
373.2	40	0	-51.434
373.6	40	0	-51.532
374	40	0	-51.63
374.4	40	0	-51.728
374.8	40	0	-51.826
375.2	40	0	-51.924
375.6	40	0	-52.022
376	40	0	-52.12
376.4	40	0	-52.218
376.8	40	0	-52.316
377.2	40	0	-52.414
377.6	40	0	-52.512
378	40	0	-52.61
378.4	40	0	-52.708
378.8	40	0	-52.806
379.2	40	0	-52.904
379.6	40	0	-53.002
380	40	0	-53.1
380.4	40	0	-53.198
380.8	40	0	-53.296
381.2	40	0	-53.394
381.6	40	0	-53.492
382	40	0	-53.59
382.4	40	0	-53.688
382.8	40	0	-53.786
383.2	40	0	-53.884
383.6	40	0	-53.982
384	40	0	-54.08
384.4	40	0	-54.178
384.8	40	0	-54.276
385.2	40	0	-54.374
385.6	40	0	-54.472
386	40	0	-54.57
386.4	40	0	-54.668
386.8	40	0	-54.766
387.2	40	0	-54.864
387.6	40	0	-54.962
388	40	0	-55.06
388.4	40	0	-55.158
388.8	40	0	-55.256
389.2	40	0	-55.354
389.6	40	0	-55.452
390	40	0	-55.55
390.4	40	0	-55.648
390.8	40	0	-55.746
391.2	40	0	-55.844
391.6	40	0	-55.942
392	40	0	-56.04
392.4	40	0	-56.138
392.8	40	0	-56.236
393.2	40	0	-56.334
393.6	40	0	-56.432
394	40	0	-56.53
394.4	40	0	-56.628
394.8	40	0	-56.726
395.2	40	0	-56.824
395.6	40	0	-56.922
396	40	0	-57.02
396.4	40	0	-57.118
396.8	40	0	-57.216
397.2	40	0	-57.314
397.6	40	0	-57.412
398	40	0	-57.51
398.4	40	0	-57.608
398.8	40	0	-57.706
399.2	40	0	-57.804

