
0	10	0	10
0.1	9.94343	0.1	9.84543
0.199434	9.88778	0.198454	9.69232
0.298312	9.83301	0.295378	9.54064
0.396642	9.77913	0.390784	9.39036
0.494433	9.72609	0.484688	9.24143
0.591694	9.6739	0.577102	9.09384
0.688433	9.62252	0.66804	8.94754
0.784659	9.57195	0.757516	8.80252
0.880378	9.52216	0.845541	8.65873
0.9756	9.47313	0.932128	8.51615
1.07033	9.42487	1.01729	8.37476
1.16458	9.37733	1.10104	8.23452
1.25835	9.33052	1.18338	8.09542
1.35166	9.28442	1.26434	7.95742
1.4445	9.23901	1.34391	7.8205
1.53689	9.19427	1.42212	7.68463
1.62884	9.15021	1.49896	7.5498
1.72034	9.10679	1.57446	7.41597
1.81141	9.06401	1.64862	7.28313
1.90205	9.02185	1.72145	7.15126
1.99226	8.9803	1.79296	7.02033
2.08207	8.93936	1.86317	6.89032
2.17146	8.899	1.93207	6.76121
2.26045	8.85922	1.99968	6.63299
2.34904	8.82	2.06601	6.50562
2.43724	8.78133	2.13107	6.3791
2.52506	8.74321	2.19486	6.25341
2.61249	8.70561	2.25739	6.12852
2.69954	8.66854	2.31868	6.00442
2.78623	8.63198	2.37872	5.8811
2.87255	8.59591	2.43753	5.75852
2.95851	8.56034	2.49512	5.63669
3.04411	8.52524	2.55149	5.51558
3.12936	8.49062	2.60664	5.39518
3.21427	8.45645	2.66059	5.27547
3.29883	8.42274	2.71335	5.15644
3.38306	8.38946	2.76491	5.03807
3.46696	8.35662	2.81529	4.92035
3.55052	8.32421	2.8645	4.80326
3.63377	8.29221	2.91253	4.6868
3.71669	8.26062	2.9594	4.57094
3.79929	8.22942	3.00511	4.45568
3.88159	8.19861	3.04966	4.341
3.96357	8.16819	3.09307	4.22689
4.04526	8.13814	3.13534	4.11334
4.12664	8.10846	3.17648	4.00034
4.20772	8.07913	3.21648	3.88787
4.28851	8.05016	3.25536	3.77593
4.36901	8.02153	3.29312	3.6645
4.44923	7.99323	3.32976	3.55357
4.52916	7.96526	3.3653	3.44314
4.60881	7.93761	3.39973	3.33319
4.68819	7.91028	3.43306	3.22371
4.76729	7.88325	3.4653	3.11469
4.84613	7.85652	3.49645	3.00613
4.92469	7.83009	3.52651	2.89802
5.00299	7.80394	3.55549	2.79034
5.08103	7.77807	3.58339	2.68309
5.15881	7.75247	3.61022	2.57626
5.23634	7.72714	3.63598	2.46984
5.31361	7.70206	3.66068	2.36383
5.39063	7.67724	3.68432	2.25821
5.4674	7.65267	3.7069	2.15298
5.54393	7.62833	3.72843	2.04813
5.62021	7.60423	3.74891	1.94366
5.69625	7.58036	3.76835	1.83956
5.77206	7.55671	3.78675	1.73582
5.84762	7.53327	3.8041	1.63244
5.92296	7.51004	3.82043	1.5294
5.99806	7.48702	3.83572	1.42671
6.07293	7.46419	3.84999	1.32437
6.14757	7.44156	3.86323	1.22235
6.22199	7.41911	3.87546	1.12066
6.29618	7.39684	3.88666	1.0193
6.37014	7.37475	3.89686	0.918254
6.44389	7.35283	3.90604	0.817525
6.51742	7.33107	3.91421	0.717105
6.59073	7.30947	3.92139	0.616992
6.66383	7.28802	3.92756	0.517182
6.73671	7.26672	3.93273	0.41767
6.80937	7.24557	3.9369	0.318454
6.88183	7.22455	3.94009	0.219531
6.95407	7.20366	3.94228	0.120896
7.02611	7.1829	3.94349	0.0225475
7.09794	7.16226	3.94372	-0.0755173
7.16956	7.14174	3.94296	-0.173301
7.24098	7.12133	3.94123	-0.270806
7.31219	7.10103	3.93852	-0.368034
7.3832	7.08084	3.93484	-0.464987
7.45401	7.06074	3.93019	-0.561667
7.52462	7.04073	3.92458	-0.658076
7.59503	7.02082	3.91799	-0.754214
7.66524	7.00099	3.91045	-0.850084
7.73525	6.98124	3.90195	-0.945686
7.80506	6.96157	3.89249	-1.04102
7.87467	6.94197	3.88208	-1.13609
7.94409	6.92243	3.87072	-1.23089
8.01332	6.90296	3.85841	-1.32543
8.08235	6.88356	3.84516	-1.41971
8.15118	6.8642	3.83096	-1.51371
8.21982	6.8449	3.81583	-1.60746
8.28827	6.82565	3.79975	-1.70094
8.35653	6.80645	3.78274	-1.79415
8.42459	6.78728	3.7648	-1.8871
8.49247	6.76816	3.74593	-1.97978
8.56015	6.74907	3.72613	-2.0722
8.62764	6.73001	3.70541	-2.16435
8.69494	6.71098	3.68377	-2.25622
8.76205	6.69197	3.6612	-2.34784
8.82897	6.67299	3.63773	-2.43917
8.8957	6.65402	3.61333	-2.53024
8.96224	6.63507	3.58803	-2.62104
9.02859	6.61614	3.56182	-2.71156
9.09475	6.59722	3.53471	-2.8018
9.16072	6.5783	3.50669	-2.89177
9.22651	6.55939	3.47777	-2.98146
9.2921	6.54049	3.44796	-3.07087
9.35751	6.52159	3.41725	-3.15999
9.42272	6.50268	3.38565	-3.24883
9.48775	6.48378	3.35316	-3.33738
9.55259	6.46486	3.31978	-3.42565
9.61723	6.44594	3.28553	-3.51362
9.68169	6.42701	3.25039	-3.60131
9.74596	6.40807	3.21438	-3.68869
9.81004	6.38912	3.17749	-3.77578
9.87394	6.37016	3.13973	-3.86257
9.93764	6.35117	3.10111	-3.94906
10.0011	6.33217	3.06162	-4.03525
10.0645	6.31315	3.02126	-4.12113
10.1276	6.29412	2.98005	-4.2067
10.1905	6.27506	2.93799	-4.29196
10.2533	6.25597	2.89507	-4.37691
10.3159	6.23687	2.8513	-4.46155
10.3782	6.21774	2.80668	-4.54586
10.4404	6.19858	2.76122	-4.62986
10.5024	6.1794	2.71493	-4.71353
10.5642	6.16019	2.66779	-4.79687
10.6258	6.14095	2.61982	-4.87989
10.6872	6.12168	2.57102	-4.96258
10.7484	6.10239	2.5214	-5.04494
10.8094	6.08306	2.47095	-5.12696
10.8703	6.0637	2.41968	-5.20865
10.9309	6.04431	2.36759	-5.28999
10.9913	6.02489	2.31469	-5.371
11.0516	6.00544	2.26098	-5.45166
11.1116	5.98596	2.20646	-5.53197
11.1715	5.96644	2.15114	-5.61193
11.2312	5.94689	2.09503	-5.69155
11.2906	5.92731	2.03811	-5.77081
11.3499	5.9077	1.9804	-5.84971
11.409	5.88805	1.9219	-5.92826
11.4679	5.86837	1.86262	-6.00644
11.5266	5.84866	1.80256	-6.08427
11.585	5.82892	1.74172	-6.16173
11.6433	5.80914	1.6801	-6.23882
11.7014	5.78933	1.61771	-6.31555
11.7593	5.76949	1.55455	-6.39191
11.817	5.74962	1.49064	-6.46789
11.8745	5.72972	1.42596	-6.5435
11.9318	5.70979	1.36052	-6.61874
11.9889	5.68982	1.29433	-6.69359
12.0458	5.66983	1.2274	-6.76807
12.1025	5.6498	1.15972	-6.84217
12.159	5.62975	1.0913	-6.91589
12.2153	5.60967	1.02214	-6.98922
12.2714	5.58956	0.952245	-7.06216
12.3273	5.56942	0.881623	-7.13472
12.383	5.54926	0.810276	-7.20689
12.4385	5.52907	0.738207	-7.27867
12.4938	5.50885	0.66542	-7.35005
12.5489	5.48861	0.59192	-7.42105
12.6037	5.46835	0.517709	-7.49165
12.6584	5.44806	0.442793	-7.56186
12.7129	5.42775	0.367174	-7.63167
12.7672	5.40742	0.290857	-7.70108
12.8213	5.38706	0.213847	-7.77009
12.8751	5.36669	0.136146	-7.8387
12.9288	5.3463	0.0577587	-7.90692
12.9823	5.32589	0	-7.97473
13.0355	5.30546	0	-8.04214
13.0886	5.28501	0	-8.10915
13.1414	5.26455	0	-8.17575
13.1941	5.24407	0	-8.24195
13.2465	5.22358	0	-8.30774
13.2987	5.20307	0	-8.37313
13.3508	5.18256	0	-8.43812
13.4026	5.16203	0	-8.50269
13.4542	5.14149	0	-8.56686
13.5056	5.12094	0	-8.63062
13.5568	5.10039	0	-8.69398
13.6078	5.07982	0	-8.75693
13.6586	5.05925	0	-8.81947
13.7092	5.03868	0	-8.8816
13.7596	5.0181	0	-8.94332
13.8098	4.99751	0	-9.00463
13.8598	4.97692	0	-9.06554
13.9095	4.95634	0	-9.12604
13.9591	4.93575	0	-9.18613
14.0085	4.91516	0	-9.24581
14.0576	4.89457	0	-9.30509
14.1066	4.87399	0	-9.36395
14.1553	4.85341	0	-9.42241
14.2038	4.83283	0	-9.48047
14.2522	4.81226	0	-9.53811
14.3003	4.7917	0	-9.59535
14.3482	4.77114	0	-9.65219
14.3959	4.75059	0	-9.70862
14.4434	4.73005	0	-9.76464
14.4907	4.70952	0	-9.82026
14.5378	4.68901	0	-9.87548
14.5847	4.6685	0	-9.9303
14.6314	4.64801	0	-9.98471
14.6779	4.62753	0	-10.0387
14.7241	4.60707	0	-10.0923
14.7702	4.58663	0	-10.1456
14.8161	4.5662	0	-10.1984
14.8617	4.54579	0	-10.2508
14.9072	4.5254	0	-10.3028
14.9525	4.50503	0	-10.3544
14.9975	4.48468	0	-10.4057
15.0424	4.46436	0	-10.4565
15.087	4.44406	0	-10.5069
15.1314	4.42378	0	-10.557
15.1757	4.40352	0	-10.6067
15.2197	4.38329	0	-10.6559
15.2635	4.36309	0	-10.7048
15.3072	4.34292	0	-10.7533
15.3506	4.32277	0	-10.8014
15.3938	4.30265	0	-10.8492
15.4369	4.28257	0	-10.8965
15.4797	4.26251	0	-10.9435
15.5223	4.24249	0	-10.9901
15.5647	4.22249	0	-11.0363
15.607	4.20254	0	-11.0821
15.649	4.18261	0	-11.1276
15.6908	4.16272	0	-11.1727
15.7324	4.14287	0	-11.2174
15.7739	4.12305	0	-11.2617
15.8151	4.10328	0	-11.3057
15.8561	4.08354	0	-11.3493
15.897	4.06383	0	-11.3926
15.9376	4.04417	0	-11.4355
15.978	4.02455	0	-11.478
16.0183	4.00497	0	-11.5201
16.0583	3.98543	0	-11.5619
16.0982	3.96594	0	-11.6034
16.1379	3.94648	0	-11.6445
16.1773	3.92707	0	-11.6852
16.2166	3.90771	0	-11.7256
16.2557	3.88839	0	-11.7656
16.2946	3.86912	0	-11.8053
16.3332	3.84989	0	-11.8446
16.3717	3.83071	0	-11.8836
16.4101	3.81158	0	-11.9223
16.4482	3.7925	0	-11.9606
16.4861	3.77346	0	-11.9985
16.5238	3.75448	0	-12.0362
16.5614	3.73554	0	-12.0735
16.5987	3.71666	0	-12.1104
16.6359	3.69782	0	-12.1471
16.6729	3.67904	0	-12.1834
16.7097	3.66031	0	-12.2194
16.7463	3.64164	0	-12.255
16.7827	3.62302	0	-12.2903
16.8189	3.60445	0	-12.3253
16.855	3.58593	0	-12.36
16.8908	3.56747	0	-12.3944
16.9265	3.54907	0	-12.4285
16.962	3.53072	0	-12.4622
16.9973	3.51243	0	-12.4956
17.0324	3.49419	0	-12.5288
17.0674	3.47601	0	-12.5616
17.1021	3.45789	0	-12.5941
17.1367	3.43982	0	-12.6263
17.1711	3.42182	0	-12.6582
17.2053	3.40387	0	-12.6898
17.2393	3.38598	0	-12.7211
17.2732	3.36815	0	-12.7521
17.3069	3.35038	0	-12.7829
17.3404	3.33267	0	-12.8133
17.3737	3.31502	0	-12.8434
17.4069	3.29743	0	-12.8733
17.4398	3.27991	0	-12.9029
17.4726	3.26244	0	-12.9321
17.5053	3.24504	0	-12.9612
17.5377	3.22769	0	-12.9899
17.57	3.21041	0	-13.0183
17.6021	3.19319	0	-13.0465
17.634	3.17604	0	-13.0744
17.6658	3.15894	0	-13.1021
17.6974	3.14191	0	-13.1294
17.7288	3.12495	0	-13.1565
17.7601	3.10805	0	-13.1834
17.7911	3.09121	0	-13.2099
17.822	3.07443	0	-13.2362
17.8528	3.05772	0	-13.2623
17.8834	3.04107	0	-13.2881
17.9138	3.02449	0	-13.3136
17.944	3.00797	0	-13.3389
17.9741	2.99152	0	-13.364
18.004	2.97513	0	-13.3888
18.0338	2.95881	0	-13.4133
18.0634	2.94256	0	-13.4376
18.0928	2.92636	0	-13.4617
18.122	2.91024	0	-13.4855
18.1511	2.89418	0	-13.5091
18.1801	2.87819	0	-13.5324
18.2089	2.86226	0	-13.5555
18.2375	2.8464	0	-13.5784
18.266	2.8306	0	-13.6011
18.2943	2.81487	0	-13.6235
18.3224	2.79921	0	-13.6457
18.3504	2.78361	0	-13.6676
18.3782	2.76808	0	-13.6894
18.4059	2.75262	0	-13.7109
18.4334	2.73722	0	-13.7322
18.4608	2.72189	0	-13.7533
18.488	2.70662	0	-13.7742
18.5151	2.69142	0	-13.7948
18.542	2.67629	0	-13.8153
18.5688	2.66123	0	-13.8355
18.5954	2.64623	0	-13.8555
18.6219	2.6313	0	-13.8754
18.6482	2.61644	0	-13.895
18.6743	2.60164	0	-13.9144
18.7003	2.58691	0	-13.9336
18.7262	2.57224	0	-13.9526
18.7519	2.55764	0	-13.9714
18.7775	2.54311	0	-13.9901
18.8029	2.52865	0	-14.0085
18.8282	2.51425	0	-14.0267
18.8534	2.49992	0	-14.0448
18.8784	2.48565	0	-14.0626
18.9032	2.47146	0	-14.0803
18.9279	2.45732	0	-14.0978
18.9525	2.44326	0	-14.1151
18.977	2.42926	0	-14.1322
19.0012	2.41532	0	-14.1492
19.0254	2.40146	0	-14.1659
19.0494	2.38765	0	-14.1825
19.0733	2.37392	0	-14.1989
19.097	2.36025	0	-14.2151
19.1206	2.34664	0	-14.2312
19.1441	2.33311	0	-14.2471
19.1674	2.31963	0	-14.2628
19.1906	2.30623	0	-14.2784
19.2137	2.29288	0	-14.2938
19.2366	2.27961	0	-14.309
19.2594	2.26639	0	-14.3241
19.2821	2.25325	0	-14.339
19.3046	2.24016	0	-14.3537
19.327	2.22715	0	-14.3683
19.3493	2.21419	0	-14.3828
19.3714	2.2013	0	-14.397
19.3934	2.18848	0	-14.4112
19.4153	2.17572	0	-14.4251
19.4371	2.16302	0	-14.439
19.4587	2.15039	0	-14.4526
19.4802	2.13782	0	-14.4662
19.5016	2.12532	0	-14.4796
19.5228	2.11288	0	-14.4928
19.544	2.1005	0	-14.5059
19.565	2.08818	0	-14.5188
19.5859	2.07593	0	-14.5317
19.6066	2.06374	0	-14.5443
19.6273	2.05162	0	-14.5569
19.6478	2.03955	0	-14.5693
19.6682	2.02755	0	-14.5815
19.6884	2.01561	0	-14.5937
19.7086	2.00373	0	-14.6057
19.7286	1.99192	0	-14.6175
19.7486	1.98016	0	-14.6293
19.7684	1.96847	0	-14.6409
19.788	1.95684	0	-14.6524
19.8076	1.94527	0	-14.6637
19.8271	1.93376	0	-14.675
19.8464	1.92231	0	-14.6861
19.8656	1.91092	0	-14.6971
19.8847	1.89959	0	-14.708
19.9037	1.88832	0	-14.7187
19.9226	1.87711	0	-14.7293
19.9414	1.86597	0	-14.7399
19.96	1.85488	0	-14.7503
19.9786	1.84385	0	-14.7605
19.997	1.83287	0	-14.7707
20.0154	1.82196	0	-14.7808
20.0336	1.81111	0	-14.7907
20.0517	1.80031	0	-14.8006
20.0697	1.78958	0	-14.8103
20.0876	1.7789	0	-14.8199
20.1054	1.76828	0	-14.8294
20.1231	1.75771	0	-14.8389
20.1406	1.74721	0	-14.8482
20.1581	1.73676	0	-14.8574
20.1755	1.72637	0	-14.8665
20.1927	1.71603	0	-14.8755
20.2099	1.70575	0	-14.8844
20.227	1.69553	0	-14.8932
20.2439	1.68537	0	-14.9019
20.2608	1.67526	0	-14.9105
20.2775	1.6652	0	-14.919
20.2942	1.6552	0	-14.9274
20.3107	1.64526	0	-14.9357
20.3272	1.63537	0	-14.944
20.3435	1.62554	0	-14.9521
20.3598	1.61576	0	-14.9602
20.3759	1.60603	0	-14.9681
20.392	1.59636	0	-14.976
20.408	1.58674	0	-14.9838
20.4238	1.57718	0	-14.9914
20.4396	1.56767	0	-14.9991
20.4553	1.55821	0	-15.0066
20.4709	1.54881	0	-15.014
20.4864	1.53946	0	-15.0214
20.5017	1.53016	0	-15.0286
20.5171	1.52091	0	-15.0358
20.5323	1.51172	0	-15.0429
20.5474	1.50258	0	-15.05
20.5624	1.49349	0	-15.0569
20.5773	1.48445	0	-15.0638
20.5922	1.47546	0	-15.0706
20.6069	1.46652	0	-15.0773
20.6216	1.45764	0	-15.0839
20.6362	1.4488	0	-15.0905
20.6507	1.44002	0	-15.097
20.6651	1.43128	0	-15.1034
20.6794	1.4226	0	-15.1098
20.6936	1.41396	0	-15.116
20.7077	1.40537	0	-15.1222
20.7218	1.39684	0	-15.1284
20.7358	1.38835	0	-15.1344
20.7497	1.37991	0	-15.1404
20.7634	1.37152	0	-15.1464
20.7772	1.36317	0	-15.1522
20.7908	1.35488	0	-15.158
20.8043	1.34663	0	-15.1637
20.8178	1.33843	0	-15.1694
20.8312	1.33028	0	-15.175
20.8445	1.32217	0	-15.1805
20.8577	1.31411	0	-15.186
20.8709	1.3061	0	-15.1914
20.8839	1.29813	0	-15.1968
20.8969	1.29021	0	-15.202
20.9098	1.28234	0	-15.2073
20.9226	1.27451	0	-15.2124
20.9354	1.26673	0	-15.2175
20.948	1.25899	0	-15.2226
20.9606	1.2513	0	-15.2276
20.9731	1.24365	0	-15.2325
20.9856	1.23605	0	-15.2374
20.9979	1.22849	0	-15.2422
21.0102	1.22098	0	-15.247
21.0224	1.21351	0	-15.2517
21.0346	1.20608	0	-15.2564
21.0466	1.1987	0	-15.261
21.0586	1.19136	0	-15.2655
21.0705	1.18406	0	-15.27
21.0824	1.17681	0	-15.2745
21.0941	1.16959	0	-15.2789
21.1058	1.16243	0	-15.2832
21.1175	1.1553	0	-15.2875
21.129	1.14821	0	-15.2918
21.1405	1.14117	0	-15.296
21.1519	1.13417	0	-15.3001
21.1632	1.12721	0	-15.3042
21.1745	1.12029	0	-15.3083
21.1857	1.11341	0	-15.3123
21.1969	1.10657	0	-15.3163
21.2079	1.09978	0	-15.3202
21.2189	1.09302	0	-15.3241
21.2299	1.0863	0	-15.3279
21.2407	1.07963	0	-15.3317
21.2515	1.07299	0	-15.3354
21.2622	1.06639	0	-15.3391
21.2729	1.05983	0	-15.3428
21.2835	1.05331	0	-15.3464
21.294	1.04683	0	-15.35
21.3045	1.04039	0	-15.3535
21.3149	1.03398	0	-15.357
21.3252	1.02762	0	-15.3605
21.3355	1.02129	0	-15.3639
21.3457	1.015	0	-15.3672
21.3559	1.00875	0	-15.3706
21.366	1.00253	0	-15.3739
21.376	0.996355	0	-15.3771
21.386	0.990213	0	-15.3803
21.3959	0.984109	0	-15.3835
21.4057	0.978041	0	-15.3867
21.4155	0.972009	0	-15.3898
21.4252	0.966014	0	-15.3929
21.4349	0.960054	0	-15.3959
21.4445	0.95413	0	-15.3989
21.454	0.948242	0	-15.4019
21.4635	0.942389	0	-15.4048
21.4729	0.936571	0	-15.4077
21.4823	0.930788	0	-15.4106
21.4916	0.92504	0	-15.4134
21.5008	0.919327	0	-15.4162
21.51	0.913648	0	-15.419
21.5192	0.908003	0	-15.4217
21.5283	0.902392	0	-15.4244
21.5373	0.896815	0	-15.4271
21.5462	0.891271	0	-15.4297
21.5552	0.885761	0	-15.4323
21.564	0.880285	0	-15.4349
21.5728	0.874841	0	-15.4375
21.5816	0.86943	0	-15.44
21.5903	0.864052	0	-15.4425
21.5989	0.858707	0	-15.4449
21.6075	0.853393	0	-15.4474
21.616	0.848112	0	-15.4498
21.6245	0.842863	0	-15.4521
21.6329	0.837646	0	-15.4545
21.6413	0.83246	0	-15.4568
21.6496	0.827306	0	-15.4591
21.6579	0.822182	0	-15.4614
21.6661	0.81709	0	-15.4636
21.6743	0.812029	0	-15.4658
21.6824	0.806999	0	-15.468
21.6905	0.801999	0	-15.4702
21.6985	0.79703	0	-15.4723
21.7065	0.79209	0	-15.4745
21.7144	0.787181	0	-15.4766
21.7223	0.782302	0	-15.4786
21.7301	0.777452	0	-15.4807
21.7379	0.772632	0	-15.4827
21.7456	0.767841	0	-15.4847
21.7533	0.763079	0	-15.4866
21.7609	0.758346	0	-15.4886
21.7685	0.753642	0	-15.4905
21.776	0.748967	0	-15.4924
21.7835	0.74432	0	-15.4943
21.791	0.739702	0	-15.4962
21.7984	0.735112	0	-15.498
21.8057	0.730549	0	-15.4998
21.813	0.726015	0	-15.5016
21.8203	0.721508	0	-15.5034
21.8275	0.717029	0	-15.5051
21.8347	0.712577	0	-15.5069
21.8418	0.708153	0	-15.5086
21.8489	0.703755	0	-15.5103
21.8559	0.699384	0	-15.512
21.8629	0.69504	0	-15.5136
21.8698	0.690723	0	-15.5152
21.8768	0.686432	0	-15.5169
21.8836	0.682168	0	-15.5185
21.8904	0.677929	0	-15.52
21.8972	0.673716	0	-15.5216
21.904	0.66953	0	-15.5231
21.9106	0.665368	0	-15.5247
21.9173	0.661233	0	-15.5262
21.9239	0.657122	0	-15.5277
21.9305	0.653037	0	-15.5291
21.937	0.648977	0	-15.5306
21.9435	0.644942	0	-15.532
21.95	0.640932	0	-15.5334
21.9564	0.636946	0	-15.5348
21.9627	0.632985	0	-15.5362
21.9691	0.629048	0	-15.5376
21.9754	0.625135	0	-15.5389
21.9816	0.621246	0	-15.5403
21.9878	0.617382	0	-15.5416
21.994	0.613541	0	-15.5429
22.0001	0.609723	0	-15.5442
22.0062	0.605929	0	-15.5455
22.0123	0.602158	0	-15.5467
22.0183	0.598411	0	-15.548
22.0243	0.594687	0	-15.5492
22.0302	0.590985	0	-15.5504
22.0361	0.587306	0	-15.5516
22.042	0.58365	0	-15.5528
22.0479	0.580017	0	-15.554
22.0537	0.576406	0	-15.5552
22.0594	0.572817	0	-15.5563
22.0651	0.56925	0	-15.5575
22.0708	0.565705	0	-15.5586
22.0765	0.562182	0	-15.5597
22.0821	0.558681	0	-15.5608
22.0877	0.555201	0	-15.5619
22.0933	0.551743	0	-15.5629
22.0988	0.548306	0	-15.564
22.1043	0.544891	0	-15.565
22.1097	0.541496	0	-15.5661
22.1151	0.538123	0	-15.5671
22.1205	0.53477	0	-15.5681
22.1259	0.531438	0	-15.5691
22.1312	0.528126	0	-15.5701
22.1364	0.524835	0	-15.5711
22.1417	0.521564	0	-15.572
22.1469	0.518314	0	-15.573
22.1521	0.515083	0	-15.5739
22.1572	0.511873	0	-15.5748
22.1624	0.508682	0	-15.5758
22.1675	0.505511	0	-15.5767
22.1725	0.50236	0	-15.5776
22.1775	0.499228	0	-15.5784
22.1825	0.496116	0	-15.5793
22.1875	0.493022	0	-15.5802
22.1924	0.489948	0	-15.581
22.1973	0.486893	0	-15.5819
22.2022	0.483857	0	-15.5827
22.207	0.48084	0	-15.5835
22.2118	0.477841	0	-15.5844
22.2166	0.474861	0	-15.5852
22.2214	0.471899	0	-15.586
22.2261	0.468956	0	-15.5867
22.2308	0.466031	0	-15.5875
22.2354	0.463124	0	-15.5883
22.2401	0.460235	0	-15.589
22.2447	0.457364	0	-15.5898
22.2492	0.45451	0	-15.5905
22.2538	0.451675	0	-15.5913
22.2583	0.448857	0	-15.592
22.2628	0.446056	0	-15.5927
22.2672	0.443273	0	-15.5934
22.2717	0.440507	0	-15.5941
22.2761	0.437758	0	-15.5948
22.2805	0.435026	0	-15.5955
22.2848	0.432311	0	-15.5962
22.2891	0.429613	0	-15.5968
22.2934	0.426932	0	-15.5975
22.2977	0.424267	0	-15.5981
22.3019	0.421619	0	-15.5988
22.3062	0.418988	0	-15.5994
22.3103	0.416372	0	-15.6
22.3145	0.413773	0	-15.6007
22.3186	0.41119	0	-15.6013
22.3228	0.408623	0	-15.6019
22.3268	0.406072	0	-15.6025
22.3309	0.403537	0	-15.6031
22.3349	0.401018	0	-15.6037
22.339	0.398514	0	-15.6042
22.3429	0.396026	0	-15.6048
22.3469	0.393553	0	-15.6054
22.3508	0.391096	0	-15.6059
22.3547	0.388654	0	-15.6065
22.3586	0.386227	0	-15.607
22.3625	0.383815	0	-15.6076
22.3663	0.381418	0	-15.6081
22.3701	0.379036	0	-15.6086
22.3739	0.376669	0	-15.6091
22.3777	0.374316	0	-15.6097
22.3814	0.371978	0	-15.6102
22.3852	0.369655	0	-15.6107
22.3889	0.367346	0	-15.6112
22.3925	0.365052	0	-15.6117
22.3962	0.362771	0	-15.6121
22.3998	0.360505	0	-15.6126
22.4034	0.358253	0	-15.6131
22.407	0.356015	0	-15.6136
22.4106	0.353791	0	-15.614
22.4141	0.351581	0	-15.6145
22.4176	0.349385	0	-15.6149
22.4211	0.347202	0	-15.6154
22.4246	0.345033	0	-15.6158
22.428	0.342877	0	-15.6162
22.4315	0.340735	0	-15.6167
22.4349	0.338606	0	-15.6171
22.4383	0.33649	0	-15.6175
22.4416	0.334387	0	-15.6179
22.445	0.332298	0	-15.6183
22.4483	0.330222	0	-15.6187
22.4516	0.328158	0	-15.6191
22.4549	0.326107	0	-15.6195
22.4581	0.324069	0	-15.6199
22.4614	0.322044	0	-15.6203
22.4646	0.320032	0	-15.6207
22.4678	0.318032	0	-15.6211
22.471	0.316044	0	-15.6214
22.4741	0.314069	0	-15.6218
22.4773	0.312106	0	-15.6222
22.4804	0.310155	0	-15.6225
22.4835	0.308217	0	-15.6229
22.4866	0.30629	0	-15.6232
22.4896	0.304376	0	-15.6236
22.4927	0.302473	0	-15.6239
22.4957	0.300582	0	-15.6243
22.4987	0.298703	0	-15.6246
22.5017	0.296836	0	-15.6249
22.5047	0.294981	0	-15.6253
22.5076	0.293137	0	-15.6256
22.5106	0.291304	0	-15.6259
22.5135	0.289483	0	-15.6262
22.5164	0.287673	0	-15.6265
22.5192	0.285875	0	-15.6268
22.5221	0.284088	0	-15.6271
22.5249	0.282312	0	-15.6275
22.5278	0.280547	0	-15.6277
22.5306	0.278793	0	-15.628
22.5334	0.27705	0	-15.6283
22.5361	0.275317	0	-15.6286
22.5389	0.273596	0	-15.6289
22.5416	0.271885	0	-15.6292
22.5443	0.270185	0	-15.6295
22.547	0.268496	0	-15.6297
22.5497	0.266817	0	-15.63
22.5524	0.265149	0	-15.6303
22.555	0.263491	0	-15.6305
22.5577	0.261843	0	-15.6308
22.5603	0.260206	0	-15.6311
22.5629	0.258579	0	-15.6313
22.5655	0.256962	0	-15.6316
22.568	0.255355	0	-15.6318
22.5706	0.253758	0	-15.6321
22.5731	0.252171	0	-15.6323
22.5757	0.250594	0	-15.6325
22.5782	0.249027	0	-15.6328
22.5807	0.247469	0	-15.633
22.5831	0.245922	0	-15.6332
22.5856	0.244384	0	-15.6335
22.588	0.242855	0	-15.6337
22.5905	0.241336	0	-15.6339
22.5929	0.239827	0	-15.6341
22.5953	0.238327	0	-15.6344
22.5977	0.236836	0	-15.6346
22.6	0.235355	0	-15.6348
22.6024	0.233883	0	-15.635
22.6047	0.23242	0	-15.6352
22.607	0.230966	0	-15.6354
22.6094	0.229522	0	-15.6356
22.6116	0.228086	0	-15.6358
22.6139	0.226659	0	-15.636
22.6162	0.225242	0	-15.6362
22.6184	0.223833	0	-15.6364
22.6207	0.222433	0	-15.6366
22.6229	0.221041	0	-15.6368
22.6251	0.219659	0	-15.637
22.6273	0.218285	0	-15.6371
22.6295	0.216919	0	-15.6373
22.6317	0.215562	0	-15.6375
22.6338	0.214214	0	-15.6377
22.636	0.212874	0	-15.6379
22.6381	0.211542	0	-15.638
22.6402	0.210219	0	-15.6382
22.6423	0.208904	0	-15.6384
22.6444	0.207597	0	-15.6385
22.6465	0.206298	0	-15.6387
22.6485	0.205007	0	-15.6389
22.6506	0.203725	0	-15.639
22.6526	0.20245	0	-15.6392
22.6547	0.201184	0	-15.6394
22.6567	0.199925	0	-15.6395
22.6587	0.198674	0	-15.6397
22.6607	0.197431	0	-15.6398
22.6626	0.196196	0	-15.64
22.6646	0.194969	0	-15.6401
22.6665	0.193749	0	-15.6403
22.6685	0.192536	0	-15.6404
22.6704	0.191332	0	-15.6406
22.6723	0.190135	0	-15.6407
22.6742	0.188945	0	-15.6408
22.6761	0.187763	0	-15.641
22.678	0.186588	0	-15.6411
22.6798	0.185421	0	-15.6412
22.6817	0.184261	0	-15.6414
22.6835	0.183108	0	-15.6415
22.6854	0.181962	0	-15.6416
22.6872	0.180823	0	-15.6418
22.689	0.179692	0	-15.6419
22.6908	0.178568	0	-15.642
22.6926	0.17745	0	-15.6422
22.6944	0.17634	0	-15.6423
22.6961	0.175236	0	-15.6424
22.6979	0.17414	0	-15.6425
22.6996	0.17305	0	-15.6426
22.7013	0.171967	0	-15.6428
22.7031	0.170891	0	-15.6429
22.7048	0.169822	0	-15.643
22.7065	0.168759	0	-15.6431
22.7082	0.167703	0	-15.6432
22.7098	0.166654	0	-15.6433
22.7115	0.165611	0	-15.6434
22.7132	0.164575	0	-15.6435
22.7148	0.163545	0	-15.6436
22.7164	0.162521	0	-15.6437
22.7181	0.161504	0	-15.6438
22.7197	0.160494	0	-15.644
22.7213	0.159489	0	-15.6441
22.7229	0.158491	0	-15.6442
22.7245	0.157499	0	-15.6443
22.726	0.156514	0	-15.6444
22.7276	0.155534	0	-15.6444
22.7292	0.154561	0	-15.6445
22.7307	0.153594	0	-15.6446
22.7322	0.152632	0	-15.6447
22.7338	0.151677	0	-15.6448
22.7353	0.150728	0	-15.6449
22.7368	0.149785	0	-15.645
22.7383	0.148847	0	-15.6451
22.7398	0.147916	0	-15.6452
22.7413	0.14699	0	-15.6453
22.7427	0.14607	0	-15.6454
22.7442	0.145156	0	-15.6454
22.7456	0.144248	0	-15.6455
22.7471	0.143345	0	-15.6456
22.7485	0.142448	0	-15.6457
22.7499	0.141556	0	-15.6458
22.7514	0.14067	0	-15.6458
22.7528	0.13979	0	-15.6459
22.7542	0.138915	0	-15.646
22.7556	0.138045	0	-15.6461
22.7569	0.137181	0	-15.6462
22.7583	0.136323	0	-15.6462
22.7597	0.13547	0	-15.6463
22.761	0.134622	0	-15.6464
22.7624	0.133779	0	-15.6465
22.7637	0.132942	0	-15.6465
22.765	0.13211	0	-15.6466
22.7664	0.131283	0	-15.6467
22.7677	0.130461	0	-15.6467
22.769	0.129645	0	-15.6468
22.7703	0.128833	0	-15.6469
22.7716	0.128027	0	-15.6469
22.7728	0.127226	0	-15.647
22.7741	0.126429	0	-15.6471
22.7754	0.125638	0	-15.6471
22.7766	0.124852	0	-15.6472
22.7779	0.12407	0	-15.6473
22.7791	0.123294	0	-15.6473
22.7804	0.122522	0	-15.6474
22.7816	0.121755	0	-15.6474
22.7828	0.120993	0	-15.6475
22.784	0.120236	0	-15.6476
22.7852	0.119483	0	-15.6476
22.7864	0.118735	0	-15.6477
22.7876	0.117992	0	-15.6477
22.7888	0.117253	0	-15.6478
22.7899	0.11652	0	-15.6479
22.7911	0.11579	0	-15.6479
22.7923	0.115065	0	-15.648
22.7934	0.114345	0	-15.648
22.7946	0.113629	0	-15.6481
22.7957	0.112918	0	-15.6481
22.7968	0.112211	0	-15.6482
22.7979	0.111509	0	-15.6482
22.7991	0.110811	0	-15.6483
22.8002	0.110117	0	-15.6483
22.8013	0.109428	0	-15.6484
22.8024	0.108743	0	-15.6484
22.8035	0.108063	0	-15.6485
22.8045	0.107386	0	-15.6485
22.8056	0.106714	0	-15.6486
22.8067	0.106046	0	-15.6486
22.8077	0.105382	0	-15.6487
22.8088	0.104722	0	-15.6487
22.8098	0.104067	0	-15.6488
22.8109	0.103416	0	-15.6488
22.8119	0.102768	0	-15.6488
22.8129	0.102125	0	-15.6489
22.814	0.101486	0	-15.6489
22.815	0.10085	0	-15.649
22.816	0.100219	0	-15.649
22.817	0.0995917	0	-15.6491
22.818	0.0989683	0	-15.6491
22.819	0.0983488	0	-15.6491
22.82	0.0977331	0	-15.6492
22.8209	0.0971213	0	-15.6492
22.8219	0.0965134	0	-15.6493
22.8229	0.0959092	0	-15.6493
22.8238	0.0953088	0	-15.6493
22.8248	0.0947122	0	-15.6494
22.8257	0.0941193	0	-15.6494
22.8267	0.0935302	0	-15.6494
22.8276	0.0929447	0	-15.6495
22.8285	0.0923628	0	-15.6495
22.8295	0.0917847	0	-15.6495
22.8304	0.0912101	0	-15.6496
22.8313	0.0906391	0	-15.6496
22.8322	0.0900717	0	-15.6497
22.8331	0.0895079	0	-15.6497
22.834	0.0889476	0	-15.6497
22.8349	0.0883908	0	-15.6498
22.8358	0.0878374	0	-15.6498
22.8366	0.0872876	0	-15.6498
22.8375	0.0867411	0	-15.6498
22.8384	0.0861981	0	-15.6499
22.8392	0.0856585	0	-15.6499
22.8401	0.0851223	0	-15.6499
22.841	0.0845894	0	-15.65
22.8418	0.0840599	0	-15.65
22.8426	0.0835337	0	-15.65
22.8435	0.0830108	0	-15.6501
22.8443	0.0824911	0	-15.6501
22.8451	0.0819747	0	-15.6501
22.846	0.0814615	0	-15.6501
22.8468	0.0809516	0	-15.6502
22.8476	0.0804448	0	-15.6502
22.8484	0.0799412	0	-15.6502
22.8492	0.0794407	0	-15.6503
22.85	0.0789434	0	-15.6503
22.8508	0.0784492	0	-15.6503
22.8515	0.0779581	0	-15.6503
22.8523	0.0774701	0	-15.6504
22.8531	0.0769851	0	-15.6504
22.8539	0.0765032	0	-15.6504
22.8546	0.0760242	0	-15.6504
22.8554	0.0755483	0	-15.6505
22.8562	0.0750754	0	-15.6505
22.8569	0.0746054	0	-15.6505
22.8576	0.0741383	0	-15.6505
22.8584	0.0736742	0	-15.6506
22.8591	0.073213	0	-15.6506
22.8599	0.0727546	0	-15.6506
22.8606	0.0722992	0	-15.6506
22.8613	0.0718465	0	-15.6506
22.862	0.0713968	0	-15.6507
22.8627	0.0709498	0	-15.6507
22.8635	0.0705056	0	-15.6507
22.8642	0.0700642	0	-15.6507
22.8649	0.0696256	0	-15.6508
22.8656	0.0691897	0	-15.6508
22.8662	0.0687566	0	-15.6508
22.8669	0.0683261	0	-15.6508
22.8676	0.0678984	0	-15.6508
22.8683	0.0674733	0	-15.6509
22.869	0.0670509	0	-15.6509
22.8696	0.0666311	0	-15.6509
22.8703	0.066214	0	-15.6509
22.871	0.0657995	0	-15.6509
22.8716	0.0653875	0	-15.6509
22.8723	0.0649782	0	-15.651
22.8729	0.0645714	0	-15.651
22.8736	0.0641672	0	-15.651
22.8742	0.0637654	0	-15.651
22.8749	0.0633662	0	-15.651
22.8755	0.0629695	0	-15.6511
22.8761	0.0625753	0	-15.6511
22.8767	0.0621836	0	-15.6511
22.8774	0.0617943	0	-15.6511
22.878	0.0614074	0	-15.6511
22.8786	0.061023	0	-15.6511
22.8792	0.0606409	0	-15.6512
22.8798	0.0602613	0	-15.6512
22.8804	0.059884	0	-15.6512
22.881	0.0595091	0	-15.6512
22.8816	0.0591366	0	-15.6512
22.8822	0.0587663	0	-15.6512
22.8828	0.0583984	0	-15.6512
22.8834	0.0580328	0	-15.6513
22.884	0.0576695	0	-15.6513
22.8845	0.0573085	0	-15.6513
22.8851	0.0569497	0	-15.6513
22.8857	0.0565931	0	-15.6513
22.8862	0.0562388	0	-15.6513
22.8868	0.0558867	0	-15.6513
22.8874	0.0555369	0	-15.6514
22.8879	0.0551892	0	-15.6514
22.8885	0.0548436	0	-15.6514
22.889	0.0545003	0	-15.6514
22.8896	0.0541591	0	-15.6514
22.8901	0.05382	0	-15.6514
22.8906	0.0534831	0	-15.6514
22.8912	0.0531482	0	-15.6514
22.8917	0.0528155	0	-15.6515
22.8922	0.0524848	0	-15.6515
22.8928	0.0521563	0	-15.6515
22.8933	0.0518297	0	-15.6515
22.8938	0.0515052	0	-15.6515
22.8943	0.0511828	0	-15.6515
22.8948	0.0508623	0	-15.6515
22.8953	0.0505439	0	-15.6515
22.8958	0.0502275	0	-15.6516
22.8963	0.049913	0	-15.6516
22.8968	0.0496005	0	-15.6516
22.8973	0.04929	0	-15.6516
22.8978	0.0489814	0	-15.6516
22.8983	0.0486748	0	-15.6516
22.8988	0.04837	0	-15.6516
22.8993	0.0480672	0	-15.6516
22.8998	0.0477663	0	-15.6516
22.9003	0.0474672	0	-15.6516
22.9007	0.04717	0	-15.6517
22.9012	0.0468747	0	-15.6517
22.9017	0.0465812	0	-15.6517
22.9021	0.0462896	0	-15.6517
22.9026	0.0459998	0	-15.6517
22.9031	0.0457118	0	-15.6517
22.9035	0.0454256	0	-15.6517
22.904	0.0451412	0	-15.6517
22.9044	0.0448586	0	-15.6517
22.9049	0.0445778	0	-15.6517
22.9053	0.0442987	0	-15.6518
22.9058	0.0440213	0	-15.6518
22.9062	0.0437457	0	-15.6518
22.9066	0.0434718	0	-15.6518
22.9071	0.0431997	0	-15.6518
22.9075	0.0429292	0	-15.6518
22.9079	0.0426605	0	-15.6518
22.9084	0.0423934	0	-15.6518
22.9088	0.042128	0	-15.6518
22.9092	0.0418642	0	-15.6518
22.9096	0.0416021	0	-15.6518
22.91	0.0413416	0	-15.6518
22.9104	0.0410828	0	-15.6518
22.9109	0.0408256	0	-15.6519
22.9113	0.04057	0	-15.6519
22.9117	0.040316	0	-15.6519
22.9121	0.0400636	0	-15.6519

