set ylabel "y"
set xlabel "x"
set terminal png
set output"temp2.png"
set autoscale y
set autoscale x
plot '-' using 2:1 title "My Plot" with lp
0	0
0.1	0.1
0.198454	0.199434
0.295378	0.298312
0.390784	0.396642
0.484688	0.494433
0.577102	0.591694
0.66804	0.688433
0.757516	0.784659
0.845541	0.880378
0.932128	0.9756
1.01729	1.07033
1.10104	1.16458
1.18338	1.25835
1.26434	1.35166
1.34391	1.4445
1.42212	1.53689
1.49896	1.62884
1.57446	1.72034
1.64862	1.81141
1.72145	1.90205
1.79296	1.99226
1.86317	2.08207
1.93207	2.17146
1.99968	2.26045
2.06601	2.34904
2.13107	2.43724
2.19486	2.52506
2.25739	2.61249
2.31868	2.69954
2.37872	2.78623
2.43753	2.87255
2.49512	2.95851
2.55149	3.04411
2.60664	3.12936
2.66059	3.21427
2.71335	3.29883
2.76491	3.38306
2.81529	3.46696
2.8645	3.55052
2.91253	3.63377
2.9594	3.71669
3.00511	3.79929
3.04966	3.88159
3.09307	3.96357
3.13534	4.04526
3.17648	4.12664
3.21648	4.20772
3.25536	4.28851
3.29312	4.36901
3.32976	4.44923
3.3653	4.52916
3.39973	4.60881
3.43306	4.68819
3.4653	4.76729
3.49645	4.84613
3.52651	4.92469
3.55549	5.00299
3.58339	5.08103
3.61022	5.15881
3.63598	5.23634
3.66068	5.31361
3.68432	5.39063
3.7069	5.4674
3.72843	5.54393
3.74891	5.62021
3.76835	5.69625
3.78675	5.77206
3.8041	5.84762
3.82043	5.92296
3.83572	5.99806
3.84999	6.07293
3.86323	6.14757
3.87546	6.22199
3.88666	6.29618
3.89686	6.37014
3.90604	6.44389
3.91421	6.51742
3.92139	6.59073
3.92756	6.66383
3.93273	6.73671
3.9369	6.80937
3.94009	6.88183
3.94228	6.95407
3.94349	7.02611
3.94372	7.09794
3.94296	7.16956
3.94123	7.24098
3.93852	7.31219
3.93484	7.3832
3.93019	7.45401
3.92458	7.52462
3.91799	7.59503
3.91045	7.66524
3.90195	7.73525
3.89249	7.80506
3.88208	7.87467
3.87072	7.94409
3.85841	8.01332
3.84516	8.08235
3.83096	8.15118
3.81583	8.21982
3.79975	8.28827
3.78274	8.35653
3.7648	8.42459
3.74593	8.49247
3.72613	8.56015
3.70541	8.62764
3.68377	8.69494
3.6612	8.76205
3.63773	8.82897
3.61333	8.8957
3.58803	8.96224
3.56182	9.02859
3.53471	9.09475
3.50669	9.16072
3.47777	9.22651
3.44796	9.2921
3.41725	9.35751
3.38565	9.42272
3.35316	9.48775
3.31978	9.55259
3.28553	9.61723
3.25039	9.68169
3.21438	9.74596
3.17749	9.81004
3.13973	9.87394
3.10111	9.93764
3.06162	10.0011
3.02126	10.0645
2.98005	10.1276
2.93799	10.1905
2.89507	10.2533
2.8513	10.3159
2.80668	10.3782
2.76122	10.4404
2.71493	10.5024
2.66779	10.5642
2.61982	10.6258
2.57102	10.6872
2.5214	10.7484
2.47095	10.8094
2.41968	10.8703
2.36759	10.9309
2.31469	10.9913
2.26098	11.0516
2.20646	11.1116
2.15114	11.1715
2.09503	11.2312
2.03811	11.2906
1.9804	11.3499
1.9219	11.409
1.86262	11.4679
1.80256	11.5266
1.74172	11.585
1.6801	11.6433
1.61771	11.7014
1.55455	11.7593
1.49064	11.817
1.42596	11.8745
1.36052	11.9318
1.29433	11.9889
1.2274	12.0458
1.15972	12.1025
1.0913	12.159
1.02214	12.2153
0.952245	12.2714
0.881623	12.3273
0.810276	12.383
0.738207	12.4385
0.66542	12.4938
0.59192	12.5489
0.517709	12.6037
0.442793	12.6584
0.367174	12.7129
0.290857	12.7672
0.213847	12.8213
0.136146	12.8751
0.0577587	12.9288
0	12.9823
0	13.0355
0	13.0886
0	13.1414
0	13.1941
0	13.2465
0	13.2987
0	13.3508
0	13.4026
0	13.4542
0	13.5056
0	13.5568
0	13.6078
0	13.6586
0	13.7092
0	13.7596
0	13.8098
0	13.8598
0	13.9095
0	13.9591
0	14.0085
0	14.0576
0	14.1066
0	14.1553
0	14.2038
0	14.2522
0	14.3003
0	14.3482
0	14.3959
0	14.4434
0	14.4907
0	14.5378
0	14.5847
0	14.6314
0	14.6779
0	14.7241
0	14.7702
0	14.8161
0	14.8617
0	14.9072
0	14.9525
0	14.9975
0	15.0424
0	15.087
0	15.1314
0	15.1757
0	15.2197
0	15.2635
0	15.3072
0	15.3506
0	15.3938
0	15.4369
0	15.4797
0	15.5223
0	15.5647
0	15.607
0	15.649
0	15.6908
0	15.7324
0	15.7739
0	15.8151
0	15.8561
0	15.897
0	15.9376
0	15.978
0	16.0183
0	16.0583
0	16.0982
0	16.1379
0	16.1773
0	16.2166
0	16.2557
0	16.2946
0	16.3332
0	16.3717
0	16.4101
0	16.4482
0	16.4861
0	16.5238
0	16.5614
0	16.5987
0	16.6359
0	16.6729
0	16.7097
0	16.7463
0	16.7827
0	16.8189
0	16.855
0	16.8908
0	16.9265
0	16.962
0	16.9973
0	17.0324
0	17.0674
0	17.1021
0	17.1367
0	17.1711
0	17.2053
0	17.2393
0	17.2732
0	17.3069
0	17.3404
0	17.3737
0	17.4069
0	17.4398
0	17.4726
0	17.5053
0	17.5377
0	17.57
0	17.6021
0	17.634
0	17.6658
0	17.6974
0	17.7288
0	17.7601
0	17.7911
0	17.822
0	17.8528
0	17.8834
0	17.9138
0	17.944
0	17.9741
0	18.004
0	18.0338
0	18.0634
0	18.0928
0	18.122
0	18.1511
0	18.1801
0	18.2089
0	18.2375
0	18.266
0	18.2943
0	18.3224
0	18.3504
0	18.3782
0	18.4059
0	18.4334
0	18.4608
0	18.488
0	18.5151
0	18.542
0	18.5688
0	18.5954
0	18.6219
0	18.6482
0	18.6743
0	18.7003
0	18.7262
0	18.7519
0	18.7775
0	18.8029
0	18.8282
0	18.8534
0	18.8784
0	18.9032
0	18.9279
0	18.9525
0	18.977
0	19.0012
0	19.0254
0	19.0494
0	19.0733
0	19.097
0	19.1206
0	19.1441
0	19.1674
0	19.1906
0	19.2137
0	19.2366
0	19.2594
0	19.2821
0	19.3046
0	19.327
0	19.3493
0	19.3714
0	19.3934
0	19.4153
0	19.4371
0	19.4587
0	19.4802
0	19.5016
0	19.5228
0	19.544
0	19.565
0	19.5859
0	19.6066
0	19.6273
0	19.6478
0	19.6682
0	19.6884
0	19.7086
0	19.7286
0	19.7486
0	19.7684
0	19.788
0	19.8076
0	19.8271
0	19.8464
0	19.8656
0	19.8847
0	19.9037
0	19.9226
0	19.9414
0	19.96
0	19.9786
0	19.997
0	20.0154
0	20.0336
0	20.0517
0	20.0697
0	20.0876
0	20.1054
0	20.1231
0	20.1406
0	20.1581
0	20.1755
0	20.1927
0	20.2099
0	20.227
0	20.2439
0	20.2608
0	20.2775
0	20.2942
0	20.3107
0	20.3272
0	20.3435
0	20.3598
0	20.3759
0	20.392
0	20.408
0	20.4238
0	20.4396
0	20.4553
0	20.4709
0	20.4864
0	20.5017
0	20.5171
0	20.5323
0	20.5474
0	20.5624
0	20.5773
0	20.5922
0	20.6069
0	20.6216
0	20.6362
0	20.6507
0	20.6651
0	20.6794
0	20.6936
0	20.7077
0	20.7218
0	20.7358
0	20.7497
0	20.7634
0	20.7772
0	20.7908
0	20.8043
0	20.8178
0	20.8312
0	20.8445
0	20.8577
0	20.8709
0	20.8839
0	20.8969
0	20.9098
0	20.9226
0	20.9354
0	20.948
0	20.9606
0	20.9731
0	20.9856
0	20.9979
0	21.0102
0	21.0224
0	21.0346
0	21.0466
0	21.0586
0	21.0705
0	21.0824
0	21.0941
0	21.1058
0	21.1175
0	21.129
0	21.1405
0	21.1519
0	21.1632
0	21.1745
0	21.1857
0	21.1969
0	21.2079
0	21.2189
0	21.2299
0	21.2407
0	21.2515
0	21.2622
0	21.2729
0	21.2835
0	21.294
0	21.3045
0	21.3149
0	21.3252
0	21.3355
0	21.3457
0	21.3559
0	21.366
0	21.376
0	21.386
0	21.3959
0	21.4057
0	21.4155
0	21.4252
0	21.4349
0	21.4445
0	21.454
0	21.4635
0	21.4729
0	21.4823
0	21.4916
0	21.5008
0	21.51
0	21.5192
0	21.5283
0	21.5373
0	21.5462
0	21.5552
0	21.564
0	21.5728
0	21.5816
0	21.5903
0	21.5989
0	21.6075
0	21.616
0	21.6245
0	21.6329
0	21.6413
0	21.6496
0	21.6579
0	21.6661
0	21.6743
0	21.6824
0	21.6905
0	21.6985
0	21.7065
0	21.7144
0	21.7223
0	21.7301
0	21.7379
0	21.7456
0	21.7533
0	21.7609
0	21.7685
0	21.776
0	21.7835
0	21.791
0	21.7984
0	21.8057
0	21.813
0	21.8203
0	21.8275
0	21.8347
0	21.8418
0	21.8489
0	21.8559
0	21.8629
0	21.8698
0	21.8768
0	21.8836
0	21.8904
0	21.8972
0	21.904
0	21.9106
0	21.9173
0	21.9239
0	21.9305
0	21.937
0	21.9435
0	21.95
0	21.9564
0	21.9627
0	21.9691
0	21.9754
0	21.9816
0	21.9878
0	21.994
0	22.0001
0	22.0062
0	22.0123
0	22.0183
0	22.0243
0	22.0302
0	22.0361
0	22.042
0	22.0479
0	22.0537
0	22.0594
0	22.0651
0	22.0708
0	22.0765
0	22.0821
0	22.0877
0	22.0933
0	22.0988
0	22.1043
0	22.1097
0	22.1151
0	22.1205
0	22.1259
0	22.1312
0	22.1364
0	22.1417
0	22.1469
0	22.1521
0	22.1572
0	22.1624
0	22.1675
0	22.1725
0	22.1775
0	22.1825
0	22.1875
0	22.1924
0	22.1973
0	22.2022
0	22.207
0	22.2118
0	22.2166
0	22.2214
0	22.2261
0	22.2308
0	22.2354
0	22.2401
0	22.2447
0	22.2492
0	22.2538
0	22.2583
0	22.2628
0	22.2672
0	22.2717
0	22.2761
0	22.2805
0	22.2848
0	22.2891
0	22.2934
0	22.2977
0	22.3019
0	22.3062
0	22.3103
0	22.3145
0	22.3186
0	22.3228
0	22.3268
0	22.3309
0	22.3349
0	22.339
0	22.3429
0	22.3469
0	22.3508
0	22.3547
0	22.3586
0	22.3625
0	22.3663
0	22.3701
0	22.3739
0	22.3777
0	22.3814
0	22.3852
0	22.3889
0	22.3925
0	22.3962
0	22.3998
0	22.4034
0	22.407
0	22.4106
0	22.4141
0	22.4176
0	22.4211
0	22.4246
0	22.428
0	22.4315
0	22.4349
0	22.4383
0	22.4416
0	22.445
0	22.4483
0	22.4516
0	22.4549
0	22.4581
0	22.4614
0	22.4646
0	22.4678
0	22.471
0	22.4741
0	22.4773
0	22.4804
0	22.4835
0	22.4866
0	22.4896
0	22.4927
0	22.4957
0	22.4987
0	22.5017
0	22.5047
0	22.5076
0	22.5106
0	22.5135
0	22.5164
0	22.5192
0	22.5221
0	22.5249
0	22.5278
0	22.5306
0	22.5334
0	22.5361
0	22.5389
0	22.5416
0	22.5443
0	22.547
0	22.5497
0	22.5524
0	22.555
0	22.5577
0	22.5603
0	22.5629
0	22.5655
0	22.568
0	22.5706
0	22.5731
0	22.5757
0	22.5782
0	22.5807
0	22.5831
0	22.5856
0	22.588
0	22.5905
0	22.5929
0	22.5953
0	22.5977
0	22.6
0	22.6024
0	22.6047
0	22.607
0	22.6094
0	22.6116
0	22.6139
0	22.6162
0	22.6184
0	22.6207
0	22.6229
0	22.6251
0	22.6273
0	22.6295
0	22.6317
0	22.6338
0	22.636
0	22.6381
0	22.6402
0	22.6423
0	22.6444
0	22.6465
0	22.6485
0	22.6506
0	22.6526
0	22.6547
0	22.6567
0	22.6587
0	22.6607
0	22.6626
0	22.6646
0	22.6665
0	22.6685
0	22.6704
0	22.6723
0	22.6742
0	22.6761
0	22.678
0	22.6798
0	22.6817
0	22.6835
0	22.6854
0	22.6872
0	22.689
0	22.6908
0	22.6926
0	22.6944
0	22.6961
0	22.6979
0	22.6996
0	22.7013
0	22.7031
0	22.7048
0	22.7065
0	22.7082
0	22.7098
0	22.7115
0	22.7132
0	22.7148
0	22.7164
0	22.7181
0	22.7197
0	22.7213
0	22.7229
0	22.7245
0	22.726
0	22.7276
0	22.7292
0	22.7307
0	22.7322
0	22.7338
0	22.7353
0	22.7368
0	22.7383
0	22.7398
0	22.7413
0	22.7427
0	22.7442
0	22.7456
0	22.7471
0	22.7485
0	22.7499
0	22.7514
0	22.7528
0	22.7542
0	22.7556
0	22.7569
0	22.7583
0	22.7597
0	22.761
0	22.7624
0	22.7637
0	22.765
0	22.7664
0	22.7677
0	22.769
0	22.7703
0	22.7716
0	22.7728
0	22.7741
0	22.7754
0	22.7766
0	22.7779
0	22.7791
0	22.7804
0	22.7816
0	22.7828
0	22.784
0	22.7852
0	22.7864
0	22.7876
0	22.7888
0	22.7899
0	22.7911
0	22.7923
0	22.7934
0	22.7946
0	22.7957
0	22.7968
0	22.7979
0	22.7991
0	22.8002
0	22.8013
0	22.8024
0	22.8035
0	22.8045
0	22.8056
0	22.8067
0	22.8077
0	22.8088
0	22.8098
0	22.8109
0	22.8119
0	22.8129
0	22.814
0	22.815
0	22.816
0	22.817
0	22.818
0	22.819
0	22.82
0	22.8209
0	22.8219
0	22.8229
0	22.8238
0	22.8248
0	22.8257
0	22.8267
0	22.8276
0	22.8285
0	22.8295
0	22.8304
0	22.8313
0	22.8322
0	22.8331
0	22.834
0	22.8349
0	22.8358
0	22.8366
0	22.8375
0	22.8384
0	22.8392
0	22.8401
0	22.841
0	22.8418
0	22.8426
0	22.8435
0	22.8443
0	22.8451
0	22.846
0	22.8468
0	22.8476
0	22.8484
0	22.8492
0	22.85
0	22.8508
0	22.8515
0	22.8523
0	22.8531
0	22.8539
0	22.8546
0	22.8554
0	22.8562
0	22.8569
0	22.8576
0	22.8584
0	22.8591
0	22.8599
0	22.8606
0	22.8613
0	22.862
0	22.8627
0	22.8635
0	22.8642
0	22.8649
0	22.8656
0	22.8662
0	22.8669
0	22.8676
0	22.8683
0	22.869
0	22.8696
0	22.8703
0	22.871
0	22.8716
0	22.8723
0	22.8729
0	22.8736
0	22.8742
0	22.8749
0	22.8755
0	22.8761
0	22.8767
0	22.8774
0	22.878
0	22.8786
0	22.8792
0	22.8798
0	22.8804
0	22.881
0	22.8816
0	22.8822
0	22.8828
0	22.8834
0	22.884
0	22.8845
0	22.8851
0	22.8857
0	22.8862
0	22.8868
0	22.8874
0	22.8879
0	22.8885
0	22.889
0	22.8896
0	22.8901
0	22.8906
0	22.8912
0	22.8917
0	22.8922
0	22.8928
0	22.8933
0	22.8938
0	22.8943
0	22.8948
0	22.8953
0	22.8958
0	22.8963
0	22.8968
0	22.8973
0	22.8978
0	22.8983
0	22.8988
0	22.8993
0	22.8998
0	22.9003
0	22.9007
0	22.9012
0	22.9017
0	22.9021
0	22.9026
0	22.9031
0	22.9035
0	22.904
0	22.9044
0	22.9049
0	22.9053
0	22.9058
0	22.9062
0	22.9066
0	22.9071
0	22.9075
0	22.9079
0	22.9084
0	22.9088
0	22.9092
0	22.9096
0	22.91
0	22.9104
0	22.9109
0	22.9113
0	22.9117
0	22.9121
EOF
pause -1 "Hit any key to continue"
